image: slam_02room.pgm
resolution: 0.100000
origin: [-5.000000, -17.800000, 0.000000]
negate: 0
occupied_thresh: 0.3
free_thresh: 0.1

